f[1] = 17 g[1] = 0
f[2] = 10 g[2] = 1
f[3] = 2 g[3] = 11
f[4] = 2 g[4] = 11
f[5] = 0 g[5] = 19
f[6] = 0 g[6] = 19
f[7] = 0 g[7] = 19
f[8] = 0 g[8] = 19
3.4444444
3.8666667
5.0000000
3.6666667
